 Month NH Lab GIN Bar ArcOC Sib Beau CArc Bering Okhotsk Hudson CAArchipelago SH Wed Ross Ind Pac BAm units are (1.E+12 m2)
    0  14.8084  1.2997  0.8074  1.6009  7.2564  2.2476  1.5569  3.4520  0.8296  0.9382  1.1861  0.5837  6.2917  2.3812  1.5756  0.4872  0.6409  1.2068
    1  15.6789  1.4473  0.8154  1.6700  7.2564  2.2476  1.5569  3.4520  0.9512  1.2469  1.1861  0.5837  3.9150  1.5106  0.8180  0.2213  0.4618  0.9033
    2  15.7932  1.4389  0.8119  1.6785  7.2564  2.2476  1.5569  3.4520  0.9842  1.3005  1.1861  0.5837  5.2269  1.8169  1.4645  0.4023  0.5902  0.9530
    3  15.0203  1.3668  0.7142  1.7399  7.2564  2.2476  1.5569  3.4520  0.9130  0.9604  1.1826  0.5837  8.1940  2.8770  2.2313  0.8155  0.9028  1.3674
    4  13.4912  1.1516  0.6279  1.6479  7.2564  2.2476  1.5569  3.4520  0.6287  0.3415  1.1826  0.5837 11.4464  4.0780  2.7968  1.4974  1.2908  1.7834
    5  12.0751  0.9547  0.5730  1.3952  7.2564  2.2476  1.5569  3.4520  0.1017  0.0329  1.1826  0.5837 14.7463  5.3567  3.2279  2.2799  1.6143  2.2675
    6  10.7615  0.6019  0.4972  1.0980  7.1792  2.2049  1.5223  3.4520  0.0112  0.0000  0.8258  0.5787 17.2423  6.2405  3.5508  2.9002  1.8804  2.6704
    7   8.2960  0.0817  0.3061  0.5083  6.7119  1.9014  1.3664  3.4440  0.0000  0.0000  0.1395  0.5748 18.9457  6.7451  3.7082  3.4742  2.1181  2.9000
    8   7.7390  0.0351  0.2769  0.3677  6.4978  1.7657  1.2954  3.4368  0.0000  0.0000  0.0218  0.5643 19.6477  6.8518  3.7373  3.8637  2.2147  2.9802
    9   9.2883  0.3116  0.3774  0.8369  7.1216  2.1506  1.5225  3.4485  0.0149  0.0000  0.0785  0.5837 19.2074  6.5784  3.6758  3.9479  2.1163  2.8890
   10  11.2731  0.6868  0.5156  1.2744  7.2564  2.2476  1.5569  3.4520  0.2436  0.0055  0.7569  0.5837 17.1413  6.0916  3.3692  3.4596  1.6441  2.5768
   11  13.2466  1.0184  0.6867  1.4509  7.2564  2.2476  1.5569  3.4520  0.6201  0.4474  1.1826  0.5837 12.6281  5.1741  2.7469  1.7946  0.9798  1.9327
