 Month NH Lab GIN Bar ArcOC Sib Beau CArc Bering Okhotsk Hudson CAArchipelago SH Wed Ross Ind Pac BAm units are (1.E+12 m2)
    0  12.8841  1.0293  0.5164  1.3235  7.0330  2.2001  1.5159  3.3170  0.5762  0.5883  1.1532  0.5634  3.4614  1.3679  0.7425  0.2490  0.3661  0.7359
    1  13.6597  1.1590  0.5276  1.3778  7.0366  2.1965  1.5150  3.3251  0.6766  0.8777  1.1627  0.5613  2.1292  0.9411  0.3923  0.1090  0.2273  0.4594
    2  13.7326  1.1554  0.5278  1.4013  7.0429  2.1986  1.5125  3.3318  0.7029  0.9075  1.1610  0.5613  2.9395  1.1573  0.8188  0.1555  0.2711  0.5368
    3  12.9878  1.0712  0.5049  1.4241  7.0464  2.1955  1.5150  3.3359  0.5974  0.5376  1.1464  0.5616  5.4216  1.9388  1.6397  0.4587  0.5263  0.8582
    4  11.6309  0.8795  0.4395  1.2670  7.0026  2.1746  1.4873  3.3407  0.2763  0.1391  1.0629  0.5609  8.4051  3.0728  2.2577  0.9647  0.8535  1.2564
    5   9.9790  0.6029  0.3629  0.9656  6.6760  1.9902  1.3529  3.3329  0.0491  0.0215  0.7900  0.5226 11.2187  4.2580  2.6453  1.5504  1.1213  1.6437
    6   7.9985  0.2816  0.2555  0.5706  6.0958  1.6567  1.1946  3.2445  0.0041  0.0006  0.3217  0.4857 13.6107  5.1960  2.9730  2.1828  1.3127  1.9461
    7   6.1428  0.0559  0.1444  0.2347  5.2675  1.1331  0.9888  3.1456  0.0010  0.0000  0.0634  0.3957 15.1224  5.6890  3.0788  2.7032  1.4590  2.1925
    8   5.8412  0.0210  0.1424  0.1560  5.1492  1.0479  0.9681  3.1331  0.0014  0.0000  0.0170  0.3731 15.7008  5.8283  3.0959  3.0191  1.4852  2.2723
    9   7.6548  0.1316  0.2638  0.4674  6.2535  1.7716  1.2269  3.2551  0.0066  0.0001  0.0415  0.5170 15.1922  5.5703  3.0271  3.0301  1.4142  2.1506
   10   9.6761  0.4815  0.3661  0.9617  6.8827  2.1097  1.4619  3.3111  0.0954  0.0118  0.3498  0.5640 12.7776  4.8638  2.6950  2.3254  1.0303  1.8632
   11  11.5367  0.7644  0.4551  1.1750  7.0374  2.2027  1.5164  3.3183  0.3648  0.2049  0.9937  0.5661  7.4824  3.0128  1.7262  0.8916  0.5703  1.2814
